1; Ascendant; 77; 1,57; 63%; 2036
2; Immortal; 37; 0,19; 42%; 801
3; Bronze; 71; 0,97; 90%; 2371
4; Radiant; 27; 0,85; 23%; 674
5; Ascendant; 43; 0,79; 53%; 1733
6; Radiant; 56; 1,59; 8%; 1188
7; Iron; 89; 1,68; 56%; 2537
8; Ascendant; 85; 0,51; 74%; 1631
9; Gold; 69; 0,65; 19%; 1678
10; Gold; 80; 0,40; 51%; 1946
11; Bronze; 88; 1,56; 15%; 1574
12; Gold; 81; 0,07; 29%; 1716
13; Iron; 21; 1,70; 22%; 696
14; Immortal; 36; 0,23; 98%; 456
15; Bronze; 35; 0,94; 50%; 462
16; Ascendant; 83; 0,48; 63%; 2052
17; Radiant; 80; 1,32; 66%; 2714
18; Gold; 80; 1,77; 58%; 316
19; Silver; 53; 1,30; 91%; 1738
20; Gold; 21; 0,01; 34%; 449
21; Radiant; 10; 1,43; 46%; 2564
22; Bronze; 62; 0,03; 76%; 2295
23; Iron; 43; 1,81; 65%; 2252
24; Iron; 41; 1,28; 41%; 478
25; Diamond; 87; 1,18; 43%; 1892
26; Platinum; 21; 0,24; 77%; 752
27; Radiant; 87; 0,61; 68%; 509
28; Gold; 11; 0,96; 23%; 519
29; Immortal; 82; 0,65; 96%; 2330
30; Silver; 76; 0,60; 26%; 2736
31; Immortal; 21; 1,75; 70%; 2138
32; Gold; 87; 0,63; 33%; 2599
33; Silver; 26; 0,54; 87%; 1230
34; Immortal; 71; 1,75; 81%; 346
35; Ascendant; 86; 1,91; 76%; 1341
36; Diamond; 47; 0,80; 63%; 1547
37; Immortal; 53; 0,66; 61%; 471
38; Platinum; 47; 0,91; 98%; 95
39; Ascendant; 56; 0,06; 90%; 1659
40; Ascendant; 47; 1,90; 47%; 2237
41; Iron; 57; 1,82; 22%; 1224
42; Ascendant; 28; 1,65; 76%; 2645
43; Iron; 69; 1,81; 11%; 2911
44; Radiant; 39; 1,45; 60%; 1064
45; Radiant; 48; 1,66; 8%; 782
46; Iron; 52; 0,37; 97%; 300
47; Diamond; 16; 0,08; 28%; 2854
48; Bronze; 56; 0,62; 80%; 2660
49; Gold; 43; 1,42; 99%; 1475
50; Iron; 63; 1,22; 34%; 2545
51; Ascendant; 18; 0,62; 83%; 1513
52; Platinum; 88; 1,52; 15%; 1650
53; Silver; 79; 0,09; 20%; 1572
54; Bronze; 35; 1,26; 60%; 2313
55; Diamond; 28; 0,99; 10%; 2033
56; Radiant; 48; 0,41; 24%; 2796
57; Immortal; 15; 1,19; 93%; 394
58; Iron; 63; 1,05; 17%; 1450
59; Silver; 45; 0,68; 61%; 664
60; Platinum; 27; 1,94; 72%; 790
61; Radiant; 44; 1,67; 30%; 2935
62; Radiant; 30; 1,06; 36%; 1214
63; Iron; 47; 1,39; 62%; 2848
64; Silver; 65; 1,52; 83%; 1883
65; Ascendant; 23; 1,16; 95%; 2323
66; Silver; 19; 0,94; 49%; 1256
67; Radiant; 69; 1,25; 78%; 1535
68; Bronze; 11; 0,72; 37%; 2587
69; Radiant; 40; 1,14; 74%; 1369
70; Platinum; 83; 0,96; 59%; 1052
71; Bronze; 64; 1,07; 54%; 1632
72; Radiant; 45; 0,52; 95%; 1489
73; Platinum; 23; 1,15; 86%; 468
74; Diamond; 45; 0,74; 81%; 1606
75; Silver; 87; 0,24; 12%; 738
76; Iron; 61; 0,78; 75%; 1916
77; Silver; 18; 1,40; 88%; 2079
78; Radiant; 28; 0,59; 65%; 1983
79; Silver; 21; 0,86; 83%; 846
80; Gold; 46; 0,70; 91%; 1111
81; Iron; 24; 1,37; 55%; 2664
82; Immortal; 49; 1,84; 36%; 41
83; Immortal; 84; 0,65; 66%; 2357
84; Radiant; 12; 0,04; 71%; 94
85; Platinum; 73; 0,86; 39%; 1145
86; Bronze; 21; 0,07; 63%; 804
87; Bronze; 90; 1,32; 92%; 2679
88; Gold; 31; 0,81; 8%; 1466
89; Iron; 30; 0,29; 33%; 1389
90; Diamond; 28; 1,36; 28%; 796
91; Bronze; 68; 0,70; 21%; 248
92; Platinum; 32; 1,45; 19%; 2690
93; Silver; 72; 0,23; 87%; 1661
94; Bronze; 51; 1,50; 75%; 617
95; Iron; 55; 0,95; 83%; 506
96; Platinum; 52; 1,25; 12%; 2129
97; Silver; 19; 1,44; 61%; 2995
98; Silver; 45; 1,77; 80%; 1349
99; Iron; 50; 1,54; 49%; 1936
100; Bronze; 80; 0,73; 10%; 2925
101; Platinum; 81; 1,11; 73%; 2505
102; Silver; 80; 0,87; 7%; 1435
103; Iron; 71; 1,68; 72%; 2632
104; Silver; 19; 0,46; 90%; 1047
105; Iron; 27; 0,77; 27%; 1737
106; Bronze; 78; 0,77; 54%; 1778
107; Ascendant; 58; 0,28; 42%; 558
108; Bronze; 39; 1,90; 56%; 1518
109; Diamond; 60; 1,63; 22%; 2078
110; Gold; 62; 0,11; 60%; 2650
111; Ascendant; 67; 1,77; 47%; 1112
112; Ascendant; 17; 0,38; 91%; 69
113; Immortal; 88; 0,04; 50%; 1464
114; Ascendant; 51; 0,90; 10%; 642
115; Diamond; 74; 1,71; 57%; 746
116; Diamond; 52; 1,99; 23%; 393
117; Platinum; 50; 1,07; 99%; 2216
118; Silver; 65; 0,54; 18%; 1065
119; Platinum; 29; 1,66; 45%; 883
120; Immortal; 32; 1,76; 6%; 1942
121; Ascendant; 13; 0,06; 40%; 490
122; Platinum; 87; 1,24; 32%; 491
123; Diamond; 82; 0,84; 48%; 67
124; Radiant; 45; 0,12; 67%; 966
125; Silver; 24; 0,94; 80%; 679
126; Radiant; 49; 0,10; 33%; 2824
127; Gold; 73; 0,76; 57%; 202
128; Platinum; 36; 1,54; 23%; 1947
129; Platinum; 60; 0,96; 31%; 1003
130; Bronze; 17; 1,91; 27%; 772
131; Radiant; 53; 0,49; 46%; 2792
132; Bronze; 45; 0,00; 61%; 139
133; Platinum; 32; 1,12; 24%; 253
134; Platinum; 86; 1,05; 64%; 2381
135; Ascendant; 67; 0,40; 72%; 2799
136; Platinum; 17; 1,20; 6%; 2404
137; Bronze; 40; 1,39; 30%; 901
138; Immortal; 63; 1,29; 22%; 609
139; Bronze; 71; 0,39; 82%; 1155
140; Immortal; 60; 1,84; 67%; 2422
141; Platinum; 36; 1,04; 10%; 635
142; Silver; 79; 1,23; 98%; 1784
143; Immortal; 75; 1,43; 76%; 1951
144; Radiant; 64; 0,76; 90%; 2469
145; Ascendant; 57; 1,99; 73%; 2929
146; Diamond; 63; 0,62; 88%; 1114
147; Ascendant; 63; 0,70; 83%; 1580
148; Immortal; 82; 0,74; 26%; 1932
149; Gold; 75; 1,78; 41%; 335
150; Ascendant; 35; 1,20; 50%; 138
151; Gold; 72; 1,21; 68%; 2408
152; Radiant; 62; 1,75; 59%; 73
153; Radiant; 15; 1,60; 11%; 2868
154; Diamond; 19; 0,98; 6%; 1694
155; Ascendant; 24; 0,58; 38%; 652
156; Platinum; 15; 0,77; 78%; 1936
157; Radiant; 54; 0,48; 64%; 702
158; Radiant; 73; 0,78; 5%; 1666
159; Radiant; 13; 1,16; 65%; 975
160; Immortal; 38; 0,18; 59%; 1460
161; Bronze; 84; 1,96; 13%; 2081
162; Silver; 38; 1,90; 43%; 2729
163; Gold; 72; 0,45; 25%; 2981
164; Ascendant; 76; 1,74; 99%; 1316
165; Diamond; 15; 0,46; 31%; 751
166; Bronze; 59; 0,92; 15%; 986
167; Diamond; 71; 1,71; 74%; 1437
168; Immortal; 15; 1,75; 32%; 1593
169; Bronze; 28; 1,71; 71%; 2303
170; Immortal; 12; 1,65; 62%; 425
171; Immortal; 67; 1,76; 95%; 1045
172; Immortal; 62; 1,77; 20%; 2443
173; Radiant; 44; 0,26; 70%; 364
174; Gold; 79; 1,81; 31%; 2231
175; Silver; 55; 0,72; 66%; 2367
176; Platinum; 31; 1,70; 9%; 2223
177; Bronze; 69; 0,10; 23%; 2784
178; Gold; 72; 0,67; 66%; 1930
179; Gold; 84; 1,03; 9%; 2413
180; Diamond; 88; 1,65; 37%; 869
181; Diamond; 42; 0,11; 79%; 1277
182; Silver; 72; 1,61; 19%; 1517
183; Bronze; 72; 1,41; 90%; 1645
184; Bronze; 88; 0,57; 55%; 2263
185; Ascendant; 33; 0,12; 81%; 914
186; Bronze; 11; 0,25; 11%; 1145
187; Iron; 52; 1,04; 32%; 17
188; Immortal; 62; 1,72; 80%; 1690
189; Radiant; 62; 0,76; 87%; 1418
190; Iron; 90; 0,31; 96%; 2295
191; Diamond; 65; 0,21; 76%; 280
192; Ascendant; 87; 0,06; 67%; 155
193; Radiant; 31; 0,05; 98%; 2698
194; Diamond; 76; 0,56; 89%; 515
195; Diamond; 24; 0,03; 90%; 602
196; Iron; 70; 0,83; 51%; 379
197; Immortal; 56; 1,51; 29%; 2341
198; Radiant; 77; 0,95; 56%; 1693
199; Bronze; 85; 0,24; 63%; 627
200; Silver; 84; 1,20; 54%; 1245
201; Iron; 11; 0,55; 19%; 2354
202; Silver; 90; 1,15; 18%; 2685
203; Diamond; 73; 0,79; 18%; 410
204; Iron; 25; 0,37; 14%; 1959
205; Radiant; 33; 0,91; 83%; 661
206; Gold; 33; 1,19; 23%; 104
207; Gold; 67; 0,51; 52%; 2354
208; Gold; 75; 0,08; 40%; 2591
209; Immortal; 68; 0,73; 71%; 1157
210; Silver; 80; 0,06; 76%; 2094
211; Radiant; 90; 1,37; 27%; 2750
212; Immortal; 77; 0,60; 75%; 2383
213; Iron; 35; 0,99; 98%; 2478
214; Radiant; 27; 0,93; 100%; 2844
215; Gold; 70; 1,25; 15%; 739
216; Iron; 84; 1,97; 96%; 1719
217; Immortal; 27; 0,55; 66%; 244
218; Immortal; 61; 1,78; 92%; 939
219; Platinum; 64; 1,97; 38%; 97
220; Platinum; 58; 0,19; 92%; 1649
221; Diamond; 26; 0,10; 43%; 577
222; Silver; 58; 0,65; 42%; 382
223; Immortal; 24; 0,12; 7%; 2733
224; Platinum; 75; 0,67; 44%; 1823
225; Bronze; 78; 0,61; 66%; 1541
226; Ascendant; 60; 0,71; 46%; 632
227; Ascendant; 52; 0,16; 5%; 1378
228; Ascendant; 75; 1,39; 22%; 159
229; Diamond; 22; 0,77; 60%; 2050
230; Radiant; 49; 1,98; 46%; 1243
231; Ascendant; 17; 1,94; 20%; 2644
232; Diamond; 14; 0,16; 91%; 2836
233; Radiant; 47; 0,01; 46%; 218
234; Bronze; 69; 1,70; 77%; 440
235; Radiant; 30; 0,85; 68%; 2563
236; Bronze; 26; 0,77; 35%; 19
237; Bronze; 39; 0,23; 33%; 1190
238; Ascendant; 20; 0,94; 69%; 718
239; Radiant; 46; 1,18; 6%; 1593
240; Gold; 19; 0,91; 38%; 960
241; Iron; 44; 1,10; 87%; 1788
242; Gold; 43; 0,47; 16%; 2791
243; Platinum; 66; 0,90; 75%; 138
244; Immortal; 37; 0,81; 82%; 908
245; Ascendant; 80; 0,27; 26%; 2120
246; Ascendant; 75; 1,66; 29%; 1964
247; Iron; 32; 1,51; 52%; 1451
248; Immortal; 81; 0,20; 48%; 164
249; Silver; 78; 1,91; 76%; 2397
250; Silver; 41; 0,42; 45%; 2393
251; Immortal; 65; 1,44; 65%; 522
252; Radiant; 76; 0,23; 9%; 1476
253; Platinum; 25; 1,14; 57%; 78
254; Gold; 80; 0,83; 76%; 1903
255; Diamond; 50; 1,61; 73%; 2944
256; Bronze; 15; 0,61; 10%; 2848
257; Radiant; 15; 0,37; 43%; 1395
258; Iron; 79; 1,96; 95%; 1623
259; Iron; 48; 0,81; 23%; 2413
260; Gold; 66; 0,24; 68%; 714
261; Diamond; 34; 1,91; 24%; 17
262; Ascendant; 35; 1,71; 28%; 745
263; Platinum; 84; 0,17; 94%; 1281
264; Diamond; 84; 1,67; 92%; 2387
265; Iron; 40; 1,21; 24%; 372
266; Ascendant; 25; 0,33; 61%; 420
267; Bronze; 70; 0,81; 30%; 2569
268; Ascendant; 35; 1,32; 70%; 2240
269; Ascendant; 36; 0,24; 46%; 1990
270; Radiant; 44; 1,52; 74%; 2288
271; Silver; 11; 1,59; 95%; 39
272; Ascendant; 62; 1,73; 47%; 2029
273; Bronze; 73; 1,22; 98%; 2954
274; Immortal; 58; 1,96; 84%; 618
275; Ascendant; 10; 0,12; 93%; 2014
276; Radiant; 30; 1,51; 28%; 274
277; Iron; 62; 1,62; 54%; 1429
278; Platinum; 51; 0,76; 48%; 2840
279; Gold; 21; 1,84; 65%; 1996
280; Platinum; 32; 1,88; 42%; 2971
281; Ascendant; 87; 1,83; 63%; 1264
282; Ascendant; 60; 1,59; 97%; 2927
283; Diamond; 17; 0,73; 62%; 1630
284; Silver; 38; 0,56; 21%; 1290
285; Ascendant; 37; 0,11; 47%; 2031
286; Bronze; 50; 0,68; 91%; 2505
287; Gold; 45; 0,35; 40%; 2541
288; Immortal; 66; 0,37; 77%; 2757
289; Immortal; 79; 1,55; 88%; 2525
290; Immortal; 35; 0,70; 14%; 1422
291; Platinum; 33; 1,96; 60%; 139
292; Diamond; 90; 0,87; 17%; 661
293; Immortal; 16; 0,11; 43%; 511
294; Iron; 82; 0,39; 37%; 691
295; Silver; 59; 0,50; 52%; 1715
296; Bronze; 76; 0,08; 95%; 1504
297; Ascendant; 29; 1,83; 91%; 269
298; Bronze; 23; 1,22; 31%; 2571
299; Diamond; 43; 1,05; 19%; 2723
300; Gold; 41; 0,62; 48%; 2887
301; Iron; 40; 1,66; 43%; 2083
302; Diamond; 64; 1,14; 50%; 931
303; Bronze; 59; 1,12; 5%; 1883
304; Diamond; 87; 0,44; 59%; 574
305; Immortal; 24; 1,47; 48%; 917
306; Iron; 10; 0,80; 26%; 2683
307; Radiant; 31; 0,36; 24%; 1750
308; Gold; 51; 1,57; 44%; 2040
309; Ascendant; 57; 0,80; 80%; 2331
310; Iron; 32; 1,87; 52%; 2460
311; Gold; 43; 1,44; 62%; 2526
312; Iron; 83; 1,47; 95%; 585
313; Silver; 44; 1,17; 95%; 1543
314; Bronze; 55; 1,21; 98%; 894
315; Platinum; 36; 0,57; 57%; 1429
316; Diamond; 86; 0,27; 60%; 108
317; Radiant; 44; 0,50; 42%; 1220
318; Radiant; 49; 0,76; 54%; 1375
319; Platinum; 63; 0,62; 36%; 2665
320; Diamond; 86; 0,35; 66%; 1095
321; Immortal; 81; 0,16; 57%; 2718
322; Bronze; 57; 1,41; 81%; 2179
323; Radiant; 76; 0,31; 67%; 1656
324; Gold; 37; 1,63; 51%; 117
325; Bronze; 10; 0,15; 79%; 835
326; Radiant; 50; 1,54; 24%; 1583
327; Immortal; 25; 0,48; 56%; 1790
328; Immortal; 77; 0,05; 92%; 2041
329; Ascendant; 65; 1,49; 16%; 1617
330; Diamond; 89; 1,83; 35%; 1509
331; Diamond; 13; 1,84; 61%; 26
332; Ascendant; 18; 1,32; 68%; 514
333; Iron; 79; 0,11; 35%; 721
334; Immortal; 49; 1,49; 30%; 113
335; Diamond; 78; 0,45; 35%; 2343
336; Diamond; 43; 1,84; 45%; 1596
337; Radiant; 53; 1,18; 43%; 1819
338; Gold; 35; 1,12; 86%; 1114
339; Gold; 55; 0,77; 88%; 748
340; Bronze; 81; 1,32; 74%; 443
341; Immortal; 64; 1,51; 100%; 842
342; Iron; 48; 0,80; 46%; 536
343; Gold; 13; 1,86; 89%; 833
344; Bronze; 83; 0,24; 66%; 2982
345; Gold; 34; 1,55; 89%; 450
346; Silver; 79; 0,93; 57%; 900
347; Platinum; 45; 1,77; 50%; 1942
348; Gold; 54; 1,68; 10%; 1938
349; Gold; 37; 0,51; 54%; 2866
350; Silver; 28; 1,66; 10%; 2125
351; Platinum; 29; 1,58; 37%; 427
352; Silver; 80; 1,97; 50%; 1454
353; Immortal; 30; 1,83; 44%; 2549
354; Gold; 71; 0,82; 24%; 56
355; Iron; 27; 0,94; 51%; 257
356; Radiant; 61; 0,76; 19%; 703
357; Gold; 59; 1,04; 42%; 2576
358; Radiant; 41; 1,52; 6%; 1056
359; Ascendant; 64; 0,72; 10%; 2963
360; Ascendant; 72; 1,31; 93%; 2649
361; Iron; 37; 0,96; 88%; 1731
362; Gold; 65; 1,26; 37%; 268
363; Platinum; 62; 1,01; 37%; 1507
364; Ascendant; 27; 1,09; 8%; 217
365; Iron; 53; 1,83; 46%; 2717
366; Immortal; 69; 0,17; 34%; 210
367; Platinum; 24; 0,85; 46%; 1222
368; Immortal; 18; 1,01; 35%; 990
369; Iron; 63; 0,14; 67%; 293
370; Platinum; 78; 0,59; 18%; 2656
371; Ascendant; 52; 0,15; 83%; 2155
372; Gold; 64; 0,63; 92%; 442
373; Radiant; 69; 0,84; 97%; 1798
374; Diamond; 25; 1,83; 53%; 2574
375; Iron; 76; 0,67; 6%; 1689
376; Platinum; 16; 0,63; 81%; 1931
377; Platinum; 58; 1,86; 52%; 1073
378; Diamond; 43; 1,34; 100%; 2784
379; Radiant; 20; 1,75; 15%; 1034
380; Ascendant; 55; 1,65; 24%; 2482
381; Ascendant; 53; 1,73; 42%; 314
382; Gold; 20; 1,57; 66%; 1087
383; Platinum; 81; 1,08; 64%; 1114
384; Diamond; 69; 1,02; 28%; 2581
385; Immortal; 71; 1,77; 45%; 837
386; Silver; 46; 0,13; 33%; 1414
387; Immortal; 43; 0,79; 83%; 34
388; Radiant; 56; 1,38; 98%; 233
389; Iron; 87; 0,44; 16%; 2705
390; Silver; 64; 1,00; 10%; 2253
391; Radiant; 13; 0,27; 74%; 1850
392; Platinum; 80; 1,92; 43%; 2411
393; Bronze; 60; 1,61; 26%; 1822
394; Radiant; 18; 0,83; 83%; 2322
395; Radiant; 90; 1,17; 55%; 1161
396; Iron; 30; 1,06; 28%; 110
397; Diamond; 41; 1,08; 89%; 2985
398; Diamond; 24; 1,73; 49%; 332
399; Diamond; 37; 1,95; 65%; 533
400; Immortal; 70; 0,58; 86%; 1008
401; Bronze; 42; 0,95; 34%; 1485
402; Platinum; 77; 1,82; 71%; 1192
403; Radiant; 35; 0,20; 35%; 205
404; Immortal; 72; 0,25; 64%; 2857
405; Immortal; 49; 1,62; 59%; 2421
406; Gold; 33; 1,50; 35%; 31
407; Gold; 42; 0,75; 10%; 561
408; Bronze; 81; 0,70; 88%; 1364
409; Silver; 27; 1,62; 42%; 2501
410; Ascendant; 24; 0,38; 17%; 924
411; Platinum; 19; 1,77; 97%; 2949
412; Platinum; 53; 0,39; 72%; 2911
413; Gold; 81; 1,25; 37%; 2252
414; Gold; 55; 1,18; 29%; 1953
415; Silver; 47; 0,32; 92%; 80
416; Platinum; 64; 1,19; 10%; 1903
417; Silver; 84; 1,65; 36%; 1487
418; Radiant; 87; 0,22; 47%; 422
419; Diamond; 66; 0,40; 44%; 2164
420; Immortal; 73; 0,44; 62%; 241
421; Diamond; 20; 1,93; 16%; 1885
422; Ascendant; 86; 0,72; 85%; 1806
423; Platinum; 43; 1,94; 27%; 1966
424; Immortal; 33; 1,42; 15%; 299
425; Silver; 16; 1,95; 58%; 401
426; Immortal; 12; 1,07; 68%; 222
427; Silver; 89; 1,15; 39%; 996
428; Ascendant; 83; 1,31; 44%; 1578
429; Silver; 85; 1,05; 70%; 1502
430; Immortal; 14; 0,83; 65%; 1660
431; Iron; 10; 0,13; 85%; 2465
432; Radiant; 37; 0,92; 37%; 133
433; Iron; 62; 0,92; 29%; 1155
434; Ascendant; 21; 0,15; 23%; 2047
435; Diamond; 88; 1,97; 5%; 2798
436; Platinum; 81; 1,48; 71%; 1448
437; Silver; 22; 1,19; 67%; 2683
438; Immortal; 57; 1,49; 47%; 2015
439; Iron; 54; 0,62; 96%; 1988
440; Diamond; 85; 0,28; 74%; 337
441; Ascendant; 62; 0,43; 70%; 1730
442; Gold; 48; 0,28; 85%; 1278
443; Ascendant; 82; 1,15; 50%; 2382
444; Bronze; 34; 0,20; 99%; 1807
445; Radiant; 49; 1,67; 27%; 2309
446; Diamond; 43; 0,20; 28%; 2127
447; Silver; 58; 1,66; 83%; 2101
448; Bronze; 71; 0,34; 48%; 2778
449; Gold; 55; 0,09; 18%; 122
450; Radiant; 84; 1,44; 33%; 72
451; Diamond; 51; 0,29; 42%; 584
452; Radiant; 10; 1,82; 64%; 2217
453; Immortal; 87; 1,28; 93%; 1546
454; Gold; 10; 1,12; 37%; 2409
455; Platinum; 76; 1,14; 62%; 1747
456; Diamond; 32; 1,35; 96%; 1343
457; Radiant; 44; 0,55; 89%; 1171
458; Immortal; 50; 1,37; 84%; 250
459; Ascendant; 29; 1,40; 6%; 1187
460; Immortal; 38; 1,24; 42%; 2015
461; Ascendant; 15; 1,74; 5%; 1446
462; Silver; 87; 1,54; 68%; 101
463; Platinum; 89; 0,77; 43%; 384
464; Iron; 83; 0,97; 89%; 2314
465; Iron; 29; 1,18; 98%; 1842
466; Iron; 37; 1,12; 79%; 2138
467; Iron; 11; 0,16; 9%; 885
468; Ascendant; 62; 1,19; 12%; 1305
469; Silver; 73; 0,75; 33%; 1977
470; Iron; 90; 0,51; 31%; 721
471; Silver; 45; 0,91; 80%; 1017
472; Bronze; 79; 0,40; 36%; 2760
473; Gold; 27; 1,99; 33%; 93
474; Iron; 47; 0,30; 56%; 1675
475; Silver; 31; 0,81; 40%; 91
476; Immortal; 63; 0,86; 80%; 167
477; Silver; 40; 0,43; 33%; 1790
478; Immortal; 25; 1,39; 11%; 2528
479; Ascendant; 18; 1,91; 93%; 487
480; Gold; 56; 0,86; 33%; 2551
481; Bronze; 52; 0,60; 7%; 2542
482; Platinum; 73; 0,40; 71%; 1584
483; Diamond; 34; 1,40; 5%; 1179
484; Gold; 68; 0,59; 6%; 165
485; Bronze; 59; 1,08; 96%; 837
486; Iron; 50; 0,37; 47%; 642
487; Silver; 64; 0,79; 74%; 1347
488; Platinum; 84; 1,14; 85%; 881
489; Gold; 78; 0,91; 52%; 1543
490; Radiant; 32; 1,97; 98%; 2294
491; Radiant; 63; 0,17; 34%; 2683
492; Radiant; 58; 1,72; 58%; 2913
493; Radiant; 34; 0,69; 11%; 1232
494; Gold; 57; 0,15; 7%; 1131
495; Bronze; 87; 0,66; 40%; 2353
496; Platinum; 85; 0,43; 25%; 1934
497; Iron; 44; 1,01; 13%; 13
498; Bronze; 58; 0,05; 35%; 1532
499; Ascendant; 51; 1,53; 39%; 2872
500; Platinum; 68; 0,93; 40%; 510
501; Immortal; 90; 1,84; 19%; 399
502; Immortal; 78; 1,08; 50%; 2666
503; Radiant; 34; 1,79; 76%; 2877
504; Immortal; 81; 0,98; 20%; 2029
505; Radiant; 79; 1,29; 24%; 905
506; Bronze; 19; 1,24; 85%; 2563
507; Immortal; 10; 0,17; 12%; 1574
508; Iron; 17; 0,91; 66%; 1661
509; Radiant; 86; 0,64; 60%; 1258
510; Ascendant; 26; 0,97; 47%; 507
511; Ascendant; 62; 1,19; 63%; 403
512; Gold; 47; 0,39; 94%; 2760
513; Silver; 55; 1,34; 61%; 724
514; Silver; 14; 0,08; 47%; 1450
515; Immortal; 26; 0,97; 16%; 2893
516; Bronze; 35; 1,06; 45%; 2465
517; Silver; 86; 0,28; 20%; 835
518; Iron; 55; 0,46; 84%; 528
519; Radiant; 69; 1,30; 19%; 1459
520; Bronze; 85; 0,14; 49%; 1719
521; Radiant; 76; 1,27; 16%; 148
522; Gold; 63; 0,30; 78%; 991
523; Gold; 75; 0,69; 54%; 506
524; Bronze; 45; 0,33; 55%; 1186
525; Diamond; 80; 0,00; 67%; 714
526; Silver; 77; 0,79; 82%; 146
527; Platinum; 65; 0,79; 55%; 1520
528; Ascendant; 78; 1,01; 19%; 409
529; Diamond; 86; 1,62; 53%; 2457
530; Silver; 10; 1,77; 99%; 571
531; Radiant; 24; 0,46; 76%; 1108
532; Immortal; 68; 0,03; 52%; 2929
533; Immortal; 63; 1,54; 51%; 1455
534; Ascendant; 80; 1,53; 26%; 1056
535; Gold; 10; 1,90; 70%; 2147
536; Gold; 58; 0,22; 96%; 1635
537; Iron; 10; 1,12; 90%; 1853
538; Diamond; 43; 1,77; 82%; 611
539; Silver; 34; 1,91; 53%; 462
540; Gold; 56; 1,49; 65%; 668
541; Platinum; 83; 0,51; 94%; 286
542; Immortal; 30; 0,35; 81%; 2089
543; Platinum; 21; 1,38; 44%; 1264
544; Gold; 63; 0,28; 95%; 2964
545; Bronze; 44; 0,88; 60%; 525
546; Immortal; 40; 0,67; 14%; 721
547; Platinum; 18; 0,36; 44%; 2357
548; Iron; 43; 1,28; 20%; 262
549; Platinum; 79; 0,06; 50%; 2803
550; Ascendant; 73; 0,38; 24%; 1062
551; Radiant; 49; 1,95; 13%; 2610
552; Silver; 15; 1,87; 28%; 1687
553; Bronze; 49; 0,10; 30%; 2687
554; Immortal; 42; 0,52; 77%; 1365
555; Iron; 48; 1,15; 88%; 251
556; Platinum; 52; 0,87; 60%; 1287
557; Silver; 67; 1,88; 6%; 92
558; Ascendant; 37; 1,89; 100%; 105
559; Diamond; 69; 1,32; 55%; 970
560; Gold; 80; 1,98; 52%; 929
561; Radiant; 90; 0,35; 35%; 2600
562; Diamond; 82; 0,04; 39%; 1233
563; Diamond; 11; 0,78; 78%; 59
564; Platinum; 83; 1,92; 30%; 2102
565; Iron; 74; 1,96; 58%; 1983
566; Diamond; 63; 0,49; 67%; 2667
567; Silver; 69; 1,28; 50%; 2908
568; Bronze; 37; 1,83; 98%; 2832
569; Diamond; 54; 0,61; 10%; 2318
570; Platinum; 88; 1,16; 73%; 1184
571; Platinum; 32; 1,38; 55%; 902
572; Ascendant; 64; 1,01; 95%; 2700
573; Bronze; 34; 0,21; 85%; 2011
574; Platinum; 17; 0,10; 19%; 726
575; Silver; 85; 0,00; 12%; 143
576; Ascendant; 49; 0,61; 85%; 1560
577; Ascendant; 19; 0,28; 32%; 783
578; Silver; 18; 0,73; 58%; 1295
579; Immortal; 44; 1,29; 75%; 2827
580; Diamond; 78; 1,59; 21%; 2536
581; Silver; 19; 0,76; 99%; 1808
582; Immortal; 10; 1,53; 87%; 1193
583; Radiant; 34; 0,24; 40%; 1109
584; Radiant; 20; 0,06; 8%; 546
585; Diamond; 40; 1,25; 67%; 71
586; Bronze; 75; 1,34; 96%; 1442
587; Ascendant; 86; 0,09; 21%; 2569
588; Silver; 49; 0,95; 21%; 597
589; Gold; 79; 1,23; 35%; 566
590; Platinum; 23; 0,08; 53%; 407
591; Ascendant; 82; 1,30; 51%; 872
592; Immortal; 45; 0,35; 98%; 1532
593; Platinum; 78; 0,84; 32%; 2386
594; Immortal; 20; 0,96; 47%; 732
595; Iron; 35; 1,08; 9%; 2424
596; Diamond; 70; 1,44; 37%; 220
597; Ascendant; 30; 0,57; 81%; 1100
598; Ascendant; 86; 0,36; 12%; 1267
599; Gold; 75; 1,70; 46%; 416
600; Iron; 51; 1,59; 56%; 2405
601; Immortal; 38; 0,43; 67%; 2114
602; Silver; 48; 1,81; 45%; 374
603; Radiant; 47; 1,39; 98%; 1064
604; Silver; 37; 0,01; 79%; 2381
605; Platinum; 65; 0,60; 51%; 1544
606; Diamond; 34; 0,97; 74%; 2533
607; Radiant; 30; 0,52; 81%; 502
608; Immortal; 73; 1,69; 84%; 64
609; Immortal; 42; 1,02; 78%; 172
610; Ascendant; 11; 0,95; 39%; 2696
611; Radiant; 51; 0,08; 79%; 852
612; Ascendant; 26; 0,94; 29%; 1191
613; Gold; 61; 1,05; 7%; 1819
614; Diamond; 61; 0,27; 75%; 2390
615; Silver; 24; 1,79; 55%; 1782
616; Bronze; 11; 1,37; 25%; 2090
617; Silver; 37; 0,76; 81%; 373
618; Silver; 26; 1,70; 49%; 1614
619; Ascendant; 84; 1,56; 54%; 632
620; Ascendant; 30; 1,35; 14%; 1240
621; Ascendant; 79; 1,35; 79%; 813
622; Diamond; 61; 1,69; 87%; 1552
623; Ascendant; 28; 1,95; 81%; 1865
624; Immortal; 54; 1,44; 55%; 2983
625; Iron; 27; 0,27; 70%; 1809
626; Gold; 32; 1,85; 89%; 2073
627; Ascendant; 10; 1,23; 8%; 1213
628; Ascendant; 13; 0,56; 80%; 1220
629; Iron; 10; 1,31; 22%; 1647
630; Diamond; 52; 0,08; 42%; 227
631; Bronze; 89; 0,52; 80%; 2319
632; Silver; 48; 1,59; 33%; 1379
633; Silver; 49; 0,57; 50%; 246
634; Iron; 68; 1,34; 91%; 47
635; Iron; 43; 0,45; 33%; 459
636; Diamond; 29; 1,61; 34%; 2384
637; Radiant; 51; 1,86; 77%; 855
638; Diamond; 24; 0,77; 58%; 1949
639; Ascendant; 24; 0,63; 37%; 2472
640; Immortal; 20; 1,44; 27%; 2308
641; Silver; 26; 1,83; 35%; 1672
642; Diamond; 15; 1,62; 45%; 116
643; Bronze; 41; 0,74; 27%; 2424
644; Radiant; 81; 0,42; 22%; 476
645; Bronze; 83; 1,17; 79%; 2581
646; Radiant; 49; 1,07; 42%; 1476
647; Ascendant; 54; 1,49; 98%; 1259
648; Diamond; 10; 0,07; 69%; 973
649; Silver; 23; 0,40; 42%; 1721
650; Immortal; 75; 0,33; 32%; 1086
651; Platinum; 30; 1,37; 32%; 648
652; Platinum; 81; 1,59; 75%; 150
653; Immortal; 82; 0,41; 22%; 1554
654; Diamond; 23; 1,76; 42%; 2468
655; Bronze; 16; 1,63; 92%; 1572
656; Ascendant; 53; 0,20; 66%; 1095
657; Immortal; 42; 0,53; 62%; 852
658; Diamond; 60; 1,21; 65%; 1730
659; Bronze; 79; 0,37; 45%; 568
660; Immortal; 63; 1,27; 10%; 1709
661; Silver; 10; 1,79; 41%; 876
662; Radiant; 49; 0,58; 45%; 2816
663; Ascendant; 67; 0,01; 23%; 2314
664; Gold; 49; 0,80; 54%; 494
665; Diamond; 75; 0,77; 60%; 2445
666; Diamond; 64; 1,88; 77%; 2155
667; Ascendant; 25; 0,87; 38%; 1485
668; Ascendant; 54; 0,83; 97%; 626
669; Immortal; 51; 1,48; 44%; 805
670; Gold; 86; 1,97; 72%; 1525
671; Iron; 45; 1,65; 95%; 679
672; Iron; 14; 1,30; 28%; 1810
673; Gold; 58; 0,83; 100%; 2006
674; Silver; 52; 1,37; 77%; 2085
675; Immortal; 70; 1,96; 52%; 2723
676; Platinum; 35; 1,41; 38%; 1144
677; Immortal; 55; 0,31; 48%; 2124
678; Platinum; 65; 0,66; 21%; 2691
679; Platinum; 78; 1,85; 37%; 2865
680; Immortal; 42; 0,48; 13%; 1911
681; Bronze; 30; 0,72; 74%; 443
682; Diamond; 40; 0,30; 41%; 693
683; Bronze; 89; 1,93; 59%; 2739
684; Gold; 61; 1,36; 57%; 1740
685; Immortal; 51; 0,20; 89%; 1358
686; Diamond; 13; 0,03; 37%; 1316
687; Silver; 61; 1,64; 27%; 1867
688; Bronze; 74; 1,56; 50%; 636
689; Ascendant; 24; 0,93; 6%; 2865
690; Iron; 71; 0,84; 83%; 2683
691; Diamond; 54; 1,52; 15%; 2791
692; Radiant; 28; 1,48; 9%; 1913
693; Ascendant; 67; 0,23; 54%; 2417
694; Bronze; 83; 1,29; 64%; 2483
695; Bronze; 39; 1,95; 12%; 2634
696; Diamond; 42; 1,57; 28%; 1966
697; Gold; 51; 0,46; 81%; 2995
698; Ascendant; 62; 0,97; 54%; 475
699; Ascendant; 53; 1,20; 24%; 201
700; Radiant; 63; 0,47; 10%; 1308
701; Iron; 77; 0,03; 85%; 1434
702; Diamond; 20; 0,07; 72%; 420
703; Immortal; 34; 0,05; 50%; 1812
704; Bronze; 43; 1,61; 25%; 2317
705; Platinum; 13; 1,05; 10%; 1372
706; Bronze; 17; 1,59; 68%; 1237
707; Immortal; 42; 1,89; 97%; 2261
708; Radiant; 81; 0,17; 26%; 2291
709; Radiant; 54; 1,16; 54%; 2560
710; Gold; 26; 0,16; 55%; 1409
711; Radiant; 50; 1,68; 57%; 583
712; Gold; 41; 0,90; 39%; 1852
713; Silver; 35; 1,01; 33%; 2485
714; Platinum; 41; 0,58; 56%; 1489
715; Silver; 76; 1,65; 41%; 1132
716; Gold; 78; 1,10; 18%; 2878
717; Diamond; 89; 1,09; 25%; 2573
718; Diamond; 62; 0,22; 19%; 961
719; Diamond; 90; 1,04; 85%; 2127
720; Immortal; 35; 0,18; 21%; 385
721; Immortal; 16; 1,79; 65%; 1908
722; Ascendant; 29; 0,64; 33%; 1186
723; Immortal; 50; 1,66; 31%; 160
724; Diamond; 18; 0,07; 59%; 1233
725; Ascendant; 13; 0,57; 72%; 1721
726; Diamond; 22; 0,08; 59%; 2683
727; Diamond; 46; 1,57; 82%; 2299
728; Silver; 20; 0,74; 80%; 2479
729; Silver; 13; 1,01; 37%; 2945
730; Gold; 20; 0,77; 52%; 2459
731; Diamond; 75; 0,52; 22%; 522
732; Gold; 57; 1,66; 6%; 1758
733; Iron; 65; 1,74; 93%; 344
734; Ascendant; 74; 0,78; 35%; 984
735; Diamond; 73; 1,74; 19%; 2502
736; Radiant; 65; 0,77; 21%; 983
737; Gold; 54; 1,93; 98%; 1134
738; Radiant; 57; 0,20; 88%; 119
739; Platinum; 54; 1,03; 11%; 491
740; Bronze; 13; 1,05; 18%; 2125
741; Silver; 64; 0,40; 15%; 1695
742; Silver; 17; 0,65; 10%; 2438
743; Iron; 63; 1,99; 30%; 1872
744; Ascendant; 87; 0,97; 34%; 2951
745; Platinum; 33; 1,67; 25%; 134
746; Diamond; 12; 1,92; 47%; 1892
747; Gold; 55; 0,62; 39%; 2456
748; Radiant; 42; 1,29; 18%; 187
749; Radiant; 61; 1,11; 55%; 2799
750; Bronze; 71; 1,42; 35%; 1418
751; Iron; 21; 1,34; 58%; 2183
752; Ascendant; 63; 1,18; 16%; 2699
753; Radiant; 71; 1,28; 53%; 756
754; Immortal; 31; 0,53; 97%; 1747
755; Radiant; 26; 1,95; 68%; 1410
756; Platinum; 59; 1,70; 77%; 2050
757; Radiant; 81; 0,41; 65%; 1569
758; Radiant; 20; 0,05; 21%; 2393
759; Immortal; 14; 0,98; 98%; 2614
760; Silver; 24; 1,67; 92%; 366
761; Platinum; 41; 1,48; 18%; 2370
762; Diamond; 84; 0,87; 24%; 1956
763; Gold; 28; 0,40; 85%; 2968
764; Silver; 28; 0,72; 63%; 2700
765; Bronze; 63; 0,07; 81%; 1095
766; Silver; 72; 1,81; 85%; 2396
767; Diamond; 44; 0,80; 49%; 2201
768; Platinum; 72; 0,24; 14%; 2037
769; Platinum; 70; 1,62; 86%; 2568
770; Bronze; 22; 0,40; 85%; 2764
771; Diamond; 71; 0,40; 37%; 2808
772; Bronze; 84; 1,88; 81%; 2742
773; Iron; 57; 0,27; 42%; 724
774; Ascendant; 45; 1,12; 84%; 2017
775; Gold; 34; 0,23; 16%; 541
776; Gold; 77; 0,99; 85%; 2243
777; Platinum; 31; 0,52; 91%; 57
778; Gold; 27; 1,84; 26%; 155
779; Silver; 13; 1,31; 21%; 2298
780; Platinum; 82; 1,41; 45%; 307
781; Ascendant; 62; 1,43; 67%; 72
782; Silver; 14; 0,45; 35%; 23
783; Silver; 56; 1,52; 99%; 205
784; Diamond; 60; 1,88; 54%; 1007
785; Iron; 49; 1,18; 40%; 1546
786; Silver; 37; 1,21; 59%; 663
787; Ascendant; 15; 0,56; 45%; 987
788; Ascendant; 42; 0,76; 69%; 2601
789; Bronze; 44; 1,41; 55%; 1409
790; Radiant; 78; 1,13; 8%; 745
791; Gold; 66; 0,78; 69%; 533
792; Diamond; 31; 0,33; 72%; 2771
793; Immortal; 47; 1,53; 50%; 1121
794; Silver; 60; 0,17; 49%; 2223
795; Iron; 29; 0,53; 16%; 963
796; Gold; 80; 0,20; 89%; 2452
797; Ascendant; 35; 1,14; 90%; 1934
798; Diamond; 81; 1,07; 75%; 122
799; Platinum; 76; 1,16; 35%; 866
800; Gold; 67; 1,25; 54%; 1210
801; Ascendant; 10; 0,53; 79%; 2404
802; Ascendant; 34; 1,71; 50%; 439
803; Immortal; 87; 0,85; 75%; 1356
804; Immortal; 20; 0,15; 22%; 2706
805; Immortal; 18; 1,17; 51%; 2763
806; Gold; 37; 0,29; 89%; 535
807; Radiant; 74; 1,48; 72%; 2036
808; Iron; 15; 0,31; 7%; 351
809; Radiant; 16; 1,85; 5%; 302
810; Diamond; 64; 1,09; 79%; 2422
811; Radiant; 36; 0,67; 12%; 2483
812; Ascendant; 32; 0,38; 80%; 2397
813; Silver; 62; 1,74; 46%; 550
814; Radiant; 89; 1,57; 32%; 600
815; Diamond; 80; 0,45; 40%; 419
816; Diamond; 45; 0,80; 86%; 2262
817; Silver; 77; 0,97; 85%; 863
818; Iron; 41; 1,28; 96%; 1685
819; Gold; 55; 1,68; 95%; 1129
820; Bronze; 38; 1,17; 88%; 1922
821; Iron; 67; 0,50; 40%; 2281
822; Bronze; 16; 0,66; 63%; 607
823; Diamond; 49; 1,29; 52%; 34
824; Bronze; 48; 1,59; 86%; 1737
825; Gold; 24; 0,42; 19%; 477
826; Gold; 29; 0,05; 79%; 2080
827; Radiant; 11; 0,38; 46%; 2358
828; Silver; 90; 1,38; 95%; 683
829; Diamond; 61; 1,09; 84%; 124
830; Platinum; 47; 0,51; 50%; 1547
831; Silver; 62; 0,71; 73%; 398
832; Immortal; 22; 1,29; 95%; 1744
833; Bronze; 12; 1,86; 17%; 2987
834; Radiant; 64; 0,07; 66%; 2057
835; Radiant; 27; 0,40; 19%; 16
836; Gold; 11; 1,03; 72%; 2059
837; Immortal; 14; 0,34; 13%; 1277
838; Iron; 84; 0,19; 33%; 2110
839; Platinum; 30; 1,33; 21%; 1134
840; Radiant; 42; 1,43; 81%; 2670
841; Platinum; 88; 1,29; 33%; 1638
842; Radiant; 88; 1,03; 80%; 876
843; Immortal; 60; 0,94; 39%; 893
844; Radiant; 31; 0,58; 64%; 2627
845; Gold; 32; 0,22; 44%; 237
846; Immortal; 40; 1,90; 77%; 2834
847; Silver; 56; 0,87; 23%; 445
848; Diamond; 73; 1,81; 66%; 2170
849; Gold; 76; 0,23; 80%; 788
850; Gold; 48; 0,12; 38%; 761
851; Ascendant; 28; 0,49; 74%; 1092
852; Radiant; 16; 1,00; 92%; 1309
853; Platinum; 74; 1,75; 12%; 1280
854; Ascendant; 76; 0,23; 40%; 2993
855; Immortal; 16; 0,39; 29%; 1560
856; Radiant; 83; 1,80; 23%; 1667
857; Gold; 69; 0,61; 34%; 2738
858; Gold; 49; 1,88; 22%; 1065
859; Gold; 44; 0,10; 73%; 2512
860; Gold; 68; 0,45; 55%; 242
861; Bronze; 59; 1,93; 81%; 1227
862; Gold; 28; 1,82; 26%; 2742
863; Radiant; 30; 1,32; 95%; 1345
864; Silver; 28; 0,73; 69%; 1601
865; Immortal; 26; 1,18; 77%; 1783
866; Immortal; 48; 1,70; 17%; 153
867; Iron; 82; 0,73; 16%; 740
868; Silver; 47; 1,40; 87%; 61
869; Platinum; 34; 1,51; 70%; 1769
870; Diamond; 24; 1,11; 12%; 1974
871; Diamond; 62; 0,05; 68%; 2123
872; Radiant; 18; 0,86; 82%; 1696
873; Silver; 35; 1,06; 34%; 2109
874; Platinum; 72; 1,89; 97%; 70
875; Platinum; 56; 0,56; 8%; 836
876; Diamond; 30; 1,17; 5%; 1488
877; Platinum; 23; 1,33; 10%; 215
878; Gold; 73; 0,26; 71%; 538
879; Iron; 60; 0,55; 90%; 880
880; Platinum; 29; 0,24; 50%; 1144
881; Bronze; 50; 1,91; 6%; 1922
882; Ascendant; 87; 0,22; 13%; 2206
883; Bronze; 78; 0,22; 13%; 202
884; Ascendant; 10; 0,76; 86%; 1580
885; Bronze; 84; 0,83; 65%; 2026
886; Gold; 33; 1,49; 100%; 2226
887; Bronze; 45; 1,58; 95%; 2107
888; Immortal; 81; 1,77; 19%; 1159
889; Gold; 25; 0,86; 98%; 499
890; Immortal; 10; 0,71; 90%; 1879
891; Platinum; 66; 0,05; 85%; 908
892; Silver; 25; 1,32; 13%; 585
893; Gold; 63; 0,31; 7%; 2169
894; Ascendant; 71; 0,52; 69%; 2563
895; Immortal; 52; 0,27; 29%; 1978
896; Gold; 43; 1,38; 44%; 2080
897; Iron; 22; 0,88; 63%; 681
898; Ascendant; 38; 0,20; 20%; 431
899; Platinum; 10; 0,68; 71%; 2879
900; Iron; 60; 0,45; 18%; 1353
901; Diamond; 68; 1,10; 70%; 1677
902; Iron; 62; 1,94; 72%; 2775
903; Gold; 70; 0,32; 38%; 2909
904; Bronze; 16; 0,54; 92%; 2076
905; Ascendant; 44; 0,77; 9%; 1840
906; Bronze; 82; 0,96; 99%; 2622
907; Immortal; 26; 1,48; 42%; 1820
908; Platinum; 37; 0,14; 77%; 1249
909; Ascendant; 75; 0,04; 18%; 643
910; Iron; 11; 0,72; 33%; 2325
911; Radiant; 84; 0,83; 57%; 106
912; Iron; 53; 1,41; 11%; 660
913; Iron; 73; 0,42; 72%; 1572
914; Immortal; 46; 0,57; 67%; 802
915; Iron; 16; 0,19; 24%; 2261
916; Radiant; 51; 0,88; 62%; 549
917; Diamond; 68; 1,68; 31%; 2111
918; Gold; 62; 0,65; 96%; 1283
919; Diamond; 82; 1,81; 64%; 2703
920; Silver; 69; 0,39; 25%; 2435
921; Bronze; 83; 1,23; 44%; 1215
922; Gold; 34; 1,13; 71%; 298
923; Ascendant; 12; 0,28; 82%; 2128
924; Immortal; 75; 0,99; 94%; 1030
925; Radiant; 13; 1,71; 9%; 2489
926; Radiant; 37; 0,54; 27%; 1624
927; Immortal; 52; 0,24; 93%; 2968
928; Ascendant; 11; 0,90; 71%; 2046
929; Iron; 13; 0,70; 87%; 974
930; Diamond; 73; 1,99; 6%; 529
931; Radiant; 23; 1,26; 46%; 2263
932; Ascendant; 29; 0,34; 98%; 2139
933; Diamond; 43; 1,79; 71%; 2787
934; Radiant; 32; 1,66; 44%; 789
935; Bronze; 42; 1,59; 54%; 1543
936; Immortal; 74; 0,62; 69%; 1614
937; Iron; 78; 1,92; 85%; 1798
938; Diamond; 15; 0,51; 79%; 2706
939; Radiant; 84; 0,09; 41%; 693
940; Platinum; 49; 1,90; 100%; 2628
941; Ascendant; 80; 0,00; 50%; 898
942; Platinum; 12; 0,30; 7%; 1222
943; Bronze; 83; 1,37; 63%; 2223
944; Silver; 10; 0,25; 41%; 1251
945; Gold; 16; 0,21; 94%; 643
946; Diamond; 36; 0,48; 13%; 2178
947; Bronze; 35; 1,60; 32%; 2757
948; Ascendant; 75; 1,83; 48%; 687
949; Silver; 65; 0,74; 58%; 790
950; Diamond; 64; 1,54; 66%; 2710
951; Immortal; 67; 0,21; 47%; 1191
952; Diamond; 16; 1,99; 36%; 2439
953; Gold; 14; 1,13; 18%; 2639
954; Platinum; 11; 0,98; 22%; 2573
955; Bronze; 56; 0,52; 20%; 1976
956; Diamond; 40; 1,93; 71%; 2683
957; Bronze; 54; 1,86; 100%; 462
958; Diamond; 86; 0,81; 8%; 2209
959; Diamond; 12; 1,33; 46%; 553
960; Platinum; 35; 0,39; 43%; 2314
961; Diamond; 73; 0,56; 100%; 647
962; Ascendant; 27; 0,73; 18%; 2831
963; Radiant; 89; 1,32; 13%; 856
964; Immortal; 50; 1,04; 42%; 543
965; Silver; 56; 1,60; 33%; 723
966; Radiant; 34; 0,16; 88%; 114
967; Bronze; 54; 0,41; 88%; 304
968; Radiant; 75; 1,43; 39%; 2672
969; Diamond; 40; 1,17; 94%; 463
970; Diamond; 63; 1,08; 9%; 2009
971; Diamond; 58; 1,87; 88%; 602
972; Gold; 65; 1,93; 5%; 337
973; Immortal; 84; 1,66; 70%; 1830
974; Diamond; 49; 0,20; 41%; 732
975; Diamond; 88; 1,50; 36%; 2366
976; Diamond; 34; 0,66; 26%; 2373
977; Immortal; 47; 1,59; 93%; 2615
978; Bronze; 23; 0,15; 37%; 2480
979; Gold; 43; 0,58; 59%; 1537
980; Ascendant; 33; 1,98; 97%; 148
981; Immortal; 64; 0,08; 61%; 2759
982; Bronze; 38; 0,50; 38%; 2397
983; Ascendant; 14; 1,80; 20%; 2556
984; Bronze; 52; 0,50; 77%; 447
985; Gold; 71; 1,73; 65%; 2289
986; Ascendant; 37; 0,11; 97%; 570
987; Immortal; 26; 0,56; 56%; 1321
988; Iron; 79; 1,29; 83%; 915
989; Bronze; 37; 0,55; 91%; 196
990; Iron; 26; 0,23; 47%; 1684
991; Immortal; 71; 1,40; 70%; 804
992; Diamond; 67; 0,53; 70%; 28
993; Iron; 38; 1,83; 81%; 2058
994; Diamond; 29; 1,83; 48%; 590
995; Iron; 22; 0,34; 99%; 1825
996; Gold; 86; 1,16; 12%; 725
997; Ascendant; 79; 1,26; 71%; 2690
998; Bronze; 51; 1,49; 37%; 345
999; Diamond; 25; 0,54; 15%; 995
1000; Ascendant; 71; 1,65; 98%; 2959
